######################################################
####### Samson Mano's Varai2D Raw Data ###############
######################################################
[+] End Points, 9
0, -224.25364638465132, 0.6996727070177907
1, 175.74634579214492, 0.6996727070177907
2, 45.49383129541496, 100.7384802771734
3, 45.49383129541496, 50.73848125507386
4, 88.49383164743034, 100.7384802771734
5, 88.49383164743034, 10.738480660844484
6, 45.49383129541496, -32.05114388710158
7, -74.89563082534079, 76.34801470125052
8, -74.89563082534079, -32.05114388710158
[+] Lines, 7
2, 2, 3
3, 2, 4
4, 4, 5
5, 5, 3
6, 6, 7
7, 7, 8
8, 8, 6
[+] Arcs, 2
0, 0, 1
c0, -24.253650296253202, -3.773191979492135
c1, -24.253650296253202, 196.27681444811097
1, 0, 1
c0, -24.253650296253202, 5.172531944684955
c1, -24.253650296253202, -194.87746903407538
[+] Surfaces, 1
0, {1, 0}, n@2
n0[6, 8, 7] 
n1[2, 3, 4, 5] 
######################################################
######################################################
