######################################################
####### Samson Mano's Varai2D Raw Data ###############
######################################################
[+] End Points, 30
0, -312.30901253639473, -50.60864049496696
1, -312.30901253639473, 249.39135950503305
2, -242.3090125363948, 249.39135950503305
3, -242.3090125363948, 118.69827478823615
4, -121.21984017311352, 118.69827478823615
6, -242.3090125363948, -50.60864049496696
7, -242.3090125363948, 70.18341272768929
8, -121.21984017311352, 70.18341272768929
5, -51.2198401731135, -50.60864049496696
9, -121.21984017311352, -50.60864049496696
10, -51.2198401731135, 249.39135950503305
11, -121.21984017311352, 249.39135950503305
12, 187.63175098883508, -17.125997149470425
13, 164.89364147103967, 9.680334114005458
14, 177.1462807773528, 127.57358751040836
15, 177.1462807773528, 82.18720221786697
16, 50.92975211624326, 82.18720221786697
17, 65.38270342380376, 116.60118919958464
18, 65.38270342380376, 100.17309911255688
19, 155.95456933416827, 116.60118919958464
20, 155.95456933416827, 100.17309911255688
21, 33.14569555109815, 127.57358751040836
22, 86.30501712550814, -144.12579816247862
23, 155.95456933416827, -144.12579816247862
26, 312.30901253639485, -144.12579816247862
27, 242.3089934651151, -144.12579816247862
29, 242.3089934651151, 156.24910135139032
28, 312.30901253639485, 156.24910135139032
24, 242.3089934651151, 219.36962082085913
25, 312.30901253639485, 219.36962082085913
[+] Lines, 22
0, 0, 1
1, 1, 2
2, 2, 3
3, 3, 4
5, 0, 6
6, 6, 7
7, 7, 8
4, 5, 9
8, 9, 8
9, 5, 10
10, 10, 11
11, 11, 4
12, 12, 13
13, 14, 15
14, 15, 16
15, 17, 18
16, 19, 20
17, 20, 18
22, 22, 23
30, 29, 27
25, 28, 26
28, 29, 28
[+] Arcs, 8
18, 21, 12
c0, 107.5702140942956, 52.21464273366824
c1, 35.165544106125274, -25.086979101264014
19, 21, 14
c0, 105.14597232926641, 51.291730365165776
c1, 105.14598150626475, 156.18674849797736
20, 16, 13
c0, 114.49246064599082, 56.277180595366325
c1, 77.64659208507429, -1.635928000926803
21, 17, 19
c0, 110.66862568797103, 50.598954172396354
c1, 110.66863486496936, 130.64339038679068
26, 26, 22
c0, 199.30700423616784, -139.97067124600102
c1, 199.30700423616784, -253.04904821863107
27, 23, 27
c0, 199.30700423616784, -142.1786478682797
c1, 199.2991487255935, -185.22468004394088
23, 24, 25
c0, 277.30899393574174, 218.02312525941622
c1, 277.30899393574174, 253.04904821863107
24, 24, 25
c0, 277.30899393574174, 220.71609706667414
c1, 277.30899393574174, 185.69021081545262
[+] Surfaces, 4
0, {1, 2, 3, 11, 10, 9, 4, 8, 7, 6, 5, 0}, n@0
1, {12, 18, 19, 13, 14, 20}, n@1
n0[15, 21, 16, 17] 
2, {27, 30, 28, 25, 26, 22}, n@0
3, {24, 23}, n@0
######################################################
######################################################
