######################################################
####### Samson Mano's Varai2D Raw Data ###############
######################################################
[+] End Points, 14
0, -400.00000000000006, -200.00000000000003
1, -400.00000000000006, 200.00000000000003
2, 400.00000000000006, 200.00000000000003
3, 400.00000000000006, -0
4, 200.00000000000003, -200.00000000000003
5, -304.44429584168336, 15.288599864679819
6, -304.44429584168336, -24.711401920272166
7, -179.4442925303141, 15.288599864679819
8, -179.4442925303141, -24.711401920272166
9, -37.717943289736866, -24.711401920272166
10, 62.28205935935855, -24.711401920272166
11, -2.7179433145278566, 35.910377841758034
12, 97.28205593465904, 35.910377841758034
13, 200.00000000000003, 169.99999579969636
[+] Lines, 13
0, 0, 1
1, 1, 2
2, 2, 3
3, 0, 4
4, 4, 3
5, 5, 6
6, 7, 8
9, 9, 10
10, 9, 11
11, 11, 12
12, 10, 12
13, 4, 13
14, 13, 3
[+] Arcs, 2
7, 5, 7
c0, -241.94429418599873, 23.210111112063483
c1, -241.94429418599873, 86.21011872856691
8, 6, 8
c0, -241.94429418599873, -32.63290954108673
c1, -241.94429418599873, -95.63291715759016
[+] Surfaces, 4
0, {1, 2, 14, 13, 3, 0}, n@2
n0[5, 7, 6, 8] 
n1[9, 10, 11, 12] 
1, {9, 10, 11, 12}, n@0
2, {5, 7, 6, 8}, n@0
3, {4, 13, 14}, n@0
######################################################
######################################################
