######################################################
####### Samson Mano's Varai2D Raw Data ###############
######################################################
[+] End Points, 17
0, 0, -20
1, 0, 20
2, 18.793851954149286, 26.840402104311945
3, 73.94308480135679, 17.116104486400708
4, 24.40121857963353, -7.751685954587712
5, 49.17215283508321, 4.682209265906499
6, 7.080710697456691, 2.248314024174814
7, 23.947030016412, 14.664938269407088
8, 34.011076850352936, 8.129270100966565
9, 13.732683891613616, -1.5922046766617024
10, 25.90293641711823, -1.498859801119141
11, 37.36435357420553, 4.18525889306647
12, 34.25836738813925, 13.899401153487336
13, 49.41944337286952, 10.45234146301532
14, 24.194320554198313, 20.435069894221883
15, 36.00211981507599, 20.93202026706191
16, 49.41944337286952, 18.4352181798515
[+] Lines, 19
0, 0, 1
1, 1, 2
2, 2, 3
3, 0, 4
4, 4, 5
5, 5, 3
8, 7, 8
6, 4, 9
9, 9, 6
10, 8, 9
11, 8, 5
12, 4, 10
13, 10, 11
14, 11, 5
15, 12, 13
16, 14, 12
17, 14, 15
18, 15, 16
19, 16, 13
[+] Arcs, 1
7, 6, 7
c0, 17.470122137085234, 5.799320909314021
c1, 10.960893380349278, 14.641234995440557
[+] Surfaces, 5
0, {1, 2, 5, 11, 8, 7, 9, 6, 3, 0}, n@1
n0[15, 16, 17, 18, 19] 
1, {15, 16, 17, 18, 19}, n@0
2, {10, 11, 14, 13, 12, 6}, n@0
3, {4, 12, 13, 14}, n@0
4, {10, 9, 7, 8}, n@0
######################################################
######################################################
