######################################################
####### Samson Mano's Varai2D Raw Data ###############
######################################################
[+] End Points, 19
2, 250.00000000000003, -56.48223876953126
5, 0, -343.5177612304688
7, 126.71282958984375, -244.9633483886719
6, -250.00000000000003, -56.48223876953126
9, -250.00000000000003, 343.5177612304688
11, -250.00000000000003, 268.2234802246094
16, -148.15182495117188, 343.5177612304688
10, 166.46397852897644, -206.36065673828128
13, 235.98306274414062, -95.95996093750001
8, -126.71282958984375, -244.9633483886719
12, 250.00000000000003, 343.5177612304688
14, 148.15182495117188, 343.5177612304688
15, 250.00000000000003, 268.2234802246094
17, -166.46398925781253, -206.36065673828128
18, -235.98306274414062, -95.95996093750001
19, 0, 174.02149963378906
20, -83.50183105468751, 78.48945617675781
21, 83.50183105468751, 78.48945617675781
22, 0, -16.66558837890625
[+] Lines, 17
8, 7, 5
16, 9, 16
5, 6, 11
9, 11, 9
1, 8, 5
6, 12, 14
7, 2, 15
10, 15, 12
19, 16, 14
4, 16, 19
22, 14, 19
2, 11, 20
25, 20, 18
12, 15, 21
26, 21, 13
23, 22, 10
28, 22, 17
[+] Arcs, 6
18, 7, 10
c0, -125.63265500328265, 54.66024662394856
c1, 147.27188092131257, -226.36581193887267
20, 10, 13
c0, -125.63265500328265, 54.66024662394856
c1, 205.85214563785087, -154.0749456801285
21, 13, 2
c0, -125.63265500328265, 54.66024662394856
c1, 243.51972968715248, -76.40864119823192
14, 8, 17
c0, 125.63265500328265, 54.66024662394856
c1, -147.27188092131257, -226.36581193887267
15, 17, 18
c0, 125.63265500328265, 54.66024662394856
c1, -205.85215809575985, -154.0749456801285
17, 18, 6
c0, 125.63265500328265, 54.66024662394856
c1, -243.51972968715248, -76.40863496927743
[+] Surfaces, 5
0, {4, 22, 6, 10, 12, 26, 20, 23, 28, 15, 25, 2, 9, 16}, n@0
1, {22, 4, 19}, n@0
2, {7, 21, 26, 12}, n@0
3, {1, 14, 28, 23, 18, 8}, n@0
4, {2, 25, 17, 5}, n@0
######################################################
######################################################
