######################################################
####### Samson Mano's Varai2D Raw Data ###############
######################################################
[+] End Points, 14
0, -189.17539057851033, -22.584474139240786
1, -89.17538529671664, -22.584474139240786
2, -258.3587837342682, 31.538575014175816
3, -231.53255821976882, -151.5385726485622
4, -71.53256137392033, -151.5385726485622
5, -71.53256137392033, -22.584474139240786
9, -29.106155273679487, 19.84193196100005
10, 170.89384803676953, 19.84193196100005
11, 196.87461147592037, 4.8419304434171595
13, 258.3587837342682, 99.7806848834375
6, -140.96565107157284, 99.7806848834375
12, -50.512690727337976, 151.5385726485622
7, -12.713427539153102, 113.73930194051682
14, 99.98980953640203, 94.5606009150064
[+] Lines, 8
3, 3, 4
4, 4, 5
8, 9, 10
11, 11, 13
5, 2, 6
10, 6, 12
13, 12, 13
7, 7, 14
[+] Arcs, 7
0, 0, 1
c0, -139.1753952082255, -22.54967154890537
c1, -139.1753952082255, 27.450345548677944
1, 0, 1
c0, -139.1753952082255, -22.619276717184146
c1, -139.1753952082255, -72.61929656259298
2, 2, 3
c0, -490.65431902164346, -96.0035940092355
c1, -228.44821258576397, -57.58263475390814
6, 5, 9
c0, -31.61106997904803, -20.079560509611788
c1, -59.89534210386797, 8.204711615208153
9, 10, 11
c0, 172.90058993463816, -6.682294685156489
c1, 186.2006150225911, 16.353999589652698
12, 6, 13
c0, 58.35878005498929, 387.9387984637867
c1, 58.6365797195366, 37.1753094943834
14, 7, 14
c0, 48.51978959362854, 132.83656840887951
c1, 37.75941476543545, 69.6034536356516
[+] Surfaces, 2
0, {13, 12, 10}, n@1
n0[14, 7] 
1, {3, 2, 5, 12, 11, 9, 8, 6, 4}, n@1
n0[1, 0] 
######################################################
######################################################
