######################################################
####### Samson Mano's Varai2D Raw Data ###############
######################################################
[+] End Points, 10
2, -1.283012697646696, -0.7499999939725707
3, -1.283012697646696, 1.2500000506266944
0, 0.41698745857387887, 1.2500000506266944
1, -0.41698727655664886, -1.2500000506266944
4, 1.283012697646696, 0.7499999939725707
5, 1.283012697646696, 0.07773509950538215
7, 0.7250002914682939, 0.7834937125314282
11, 0.4750003541498471, 0.3504810929950197
9, -0.5999999587746105, -0.566987311754609
13, -0.19999980424097355, 0.1258329705122597
[+] Lines, 6
1, 2, 3
0, 3, 0
2, 2, 1
3, 0, 4
4, 1, 5
5, 5, 4
[+] Arcs, 4
12, 11, 7
c0, 0.599825956578234, 0.5670881159086066
c1, 0.3833195677356862, 0.6920881335472417
14, 11, 7
c0, 0.6001746759824774, 0.5668867499083082
c1, 0.8166810185020438, 0.44188677859265457
6, 9, 13
c0, -0.4000725982325597, -0.22053516802243048
c1, -0.7464827555284622, -0.020535084792073856
7, 9, 13
c0, -0.3999270051019092, -0.22061926739522592
c1, -0.0535168593867521, -0.42061934194002354
[+] Surfaces, 1
0, {0, 3, 5, 4, 2, 1}, n@2
n0[7, 6] 
n1[14, 12] 
######################################################
######################################################
