######################################################
####### Samson Mano's Varai2D Raw Data ###############
######################################################
[+] End Points, 12
0, -22.874862339743903, -8.116676770925677
1, -22.874862339743903, 7.88332330955317
2, 17.1251375753062, 7.88332330955317
3, 17.1251375753062, 0.4077025502291974
4, -19.12427621132026, 0.7584727184635045
5, -8.466668905431714, 0.7584727184635045
6, -13.18275397161589, 3.0608127294224543
7, -16.450589486571214, -0.6526395288338158
8, -13.925442820843871, -2.3236923010669037
9, -10.211991707175653, 1.501161567691486
10, -3.527780618243301, 1.9096421516489535
11, 4.472219421996122, 1.9096421516489535
[+] Lines, 9
0, 0, 1
1, 1, 2
2, 0, 3
3, 2, 3
6, 6, 7
7, 7, 8
8, 8, 9
9, 9, 6
12, 10, 11
[+] Arcs, 4
4, 4, 5
c0, -13.795472558375987, -0.11551610051745222
c1, -13.795472558375987, 5.284484058987152
5, 4, 5
c0, -13.795472558375987, 1.6324609830346235
c1, -13.795472558375987, -3.767539480501182
10, 10, 11
c0, 0.4722194018764109, 1.9076459900864624
c1, 0.4722194018764109, 5.907646439426694
11, 10, 11
c0, 0.4722194018764109, 1.9076462762334754
c1, 0.4722194018764109, -2.092354173106756
[+] Surfaces, 5
0, {1, 3, 2, 0}, n@2
n0[5, 4] 
n1[11, 10] 
1, {5, 4}, n@1
n0[6, 9, 8, 7] 
2, {6, 9, 8, 7}, n@0
3, {11, 12}, n@0
4, {12, 10}, n@0
######################################################
######################################################
