######################################################
####### Samson Mano's Varai2D Raw Data ###############
######################################################
[+] End Points, 36
0, -106.1061812810088, 7.759748605637199
1, -66.10618408989528, 7.759748605637199
2, -22.804916343646063, 32.759748910952304
3, 77.19508350370157, 32.759748910952304
4, -106.1061812810088, 1.7597479278399615
5, -66.10618408989528, 1.7597479278399615
6, -22.804916343646063, 26.759748233155058
7, 77.19508350370157, 26.759748233155058
9, 83.19508349454242, 29.759748572053677
10, 97.1950834731711, 29.759748572053677
12, -112.10617921098053, 4.75974826673858
13, -126.10617438091452, 4.75974826673858
8, -22.804916343646063, 0.7597482728446755
11, 77.19508350370157, 0.7597482728446755
14, -22.804916343646063, -5.240252404952562
15, 77.19508350370157, -5.240252404952562
16, -106.1061812810088, -24.24025134551404
17, -66.10618408989528, -24.24025134551404
18, -106.1061812810088, -30.240249275485755
19, -66.10618408989528, -30.240249275485755
20, 83.19508349454242, -2.2402534399667045
21, 97.1950834731711, -2.2402534399667045
22, -112.10617921098053, -27.240250310499903
23, -126.10617438091452, -27.240250310499903
24, -174.9999965580998, 99.99999923740737
25, 174.9999965580998, 99.99999923740737
26, -174.9999965580998, -99.99999923740737
27, 174.9999965580998, -99.99999923740737
29, -48.946878651534746, -55.26113684487923
30, -19.700455891563042, -24.24025134551404
33, -42.94687886587934, -55.26113684487923
34, -19.700455891563042, -30.240249275485755
31, 174.9999965580998, -24.24025134551404
35, 174.9999965580998, -30.240249275485755
32, -42.94687886587934, -99.99999923740737
39, -48.946878651534746, -99.99999923740737
[+] Lines, 24
0, 0, 1
1, 1, 2
2, 2, 3
3, 4, 5
4, 5, 6
5, 6, 7
7, 8, 11
8, 14, 15
9, 16, 17
10, 17, 8
13, 18, 19
14, 19, 14
24, 24, 25
25, 24, 26
27, 25, 31
34, 30, 31
30, 34, 35
36, 31, 35
37, 35, 27
31, 32, 27
39, 32, 33
28, 39, 29
40, 26, 39
41, 39, 32
[+] Arcs, 14
6, 3, 7
c0, 90.86987490620041, 29.7597490690128
c1, 104.86988938646154, 29.7597490690128
11, 9, 10
c0, 90.19508645299962, 29.641230978611286
c1, 90.19508645299962, 36.64223008538174
12, 9, 10
c0, 90.1950791998615, 29.878265346129776
c1, 90.1950791998615, 22.877262612790258
15, 4, 0
c0, -119.78099230720584, 4.759748144065979
c1, -133.78098502805256, 4.759748144065979
16, 12, 13
c0, -119.10618934772877, 4.878267141109756
c1, -119.10618934772877, -2.1227385388171287
17, 12, 13
c0, -119.10618934772877, 4.641230053664468
c1, -119.10618934772877, 11.642231427040585
18, 11, 15
c0, 90.86987490620041, -2.240253429550418
c1, 104.86988938646154, -2.240254789513818
19, 20, 21
c0, 90.19508645299962, -2.358772879915329
c1, 90.19508645299962, 4.642230533405889
20, 20, 21
c0, 90.1950791998615, -2.1217342058460735
c1, 90.1950791998615, -9.122737845827858
21, 18, 16
c0, -119.78099230720584, -27.240251861231005
c1, -133.78098502805256, -27.24025367451554
22, 22, 23
c0, -119.10618934772877, -27.121730144260425
c1, -119.10618934772877, -34.12274013073808
23, 22, 23
c0, -119.10618934772877, -27.358769951632514
c1, -119.10618934772877, -20.357770844862063
29, 29, 30
c0, -19.645893469810748, -53.58886819845545
c1, -41.000303519451855, -33.45597364831399
33, 33, 34
c0, -19.014462463093192, -54.18693658303905
c1, -36.56517999897943, -37.88090288313845
[+] Surfaces, 9
0, {27, 34, 29, 28, 40, 25, 24}, n@2
n0[1, 2, 6, 5, 4, 3, 15, 0] 
n1[18, 8, 14, 13, 21, 9, 10, 7] 
1, {18, 8, 14, 13, 21, 9, 10, 7}, n@2
n0[20, 19] 
n1[23, 22] 
2, {1, 2, 6, 5, 4, 3, 15, 0}, n@2
n0[17, 16] 
n1[12, 11] 
3, {17, 16}, n@0
4, {23, 22}, n@0
5, {20, 19}, n@0
6, {12, 11}, n@0
7, {36, 30, 33, 39, 41, 28, 29, 34}, n@0
8, {37, 31, 39, 33, 30}, n@0
######################################################
######################################################
